STAID
07224500
07227000
07227420
07227500
07232250
07232470
07232500
07232900
07233500
07233650
07234000
07234100
07235000
07236000
07237000
07295500
07297910
07298000
07298200
07298500
07299540
07299570
07299670
07299890
07300000
07300500
07301110
07301300
07301410
07301420
07301481
07301500
07303000
07303400
07307800
07308200
07311600
07311630
07311700
07311782
07311783
07311800
07311900
07312100
07312200
07312497
07312500
07312700
07314500
07314900
07315200
07315700
07316500
07319500
07322500
07323000
07324200
07332390
07332400
07332500
07332600
07332620
07342465
07342480
07342500
07343000
07343200
07343450
07343500
07344210
07344450
07344486
07344493
07344500
07345000
07346000
07346045
07346050
07346070
07346080
07346140
07348000
07351000
07351500
07351748
07351750
08017200
08017300
08017410
08017500
08018500
08019000
08019200
08019500
08020000
08020450
08020900
08022040
08022070
08022300
08023080
08023200
08023400
08025360
08025500
08026000
08028000
08028500
08028700
08029500
08030000
08030500
08031000
08031200
08032000
08032500
08033000
08033300
08033500
08033900
08034500
08036500
08037000
08037050
08038000
08039100
08040600
08041000
08041500
08041700
08041749
08041780
08042700
08042800
08043950
08044000
08044500
08044800
08046000
08047000
08047050
08047500
08048000
08048543
08048970
08049500
08049580
08049600
08049700
08050100
08050400
08050500
08050800
08050840
08051000
08051500
08052700
08052745
08052780
08053000
08053009
08053500
08055000
08055500
08056500
08057000
08057200
08057410
08057445
08058500
08058900
08059000
08059350
08059400
08059500
08061000
08061540
08061551
08061700
08061750
08062000
08062500
08062700
08062800
08062895
08062900
08063048
08063100
08063500
08063800
08064100
08064500
08064700
08064800
08065000
08065200
08065350
08065500
08065800
08066170
08066191
08066200
08066250
08066300
08066500
08067500
08067525
08067650
08068000
08068090
08068275
08068325
08068390
08068400
08068450
08068500
08068520
08068720
08068740
08068780
08068800
08069000
08070000
08070200
08070500
08071000
08071280
08072300
08072730
08072760
08073500
08073600
08073700
08074000
08074020
08074150
08074500
08074760
08074810
08075000
08075400
08075500
08075605
08075730
08075763
08075770
08075900
08076000
08076180
08076500
08076997
08077000
08078000
08079000
08079600
08080500
08080700
08080950
08081000
08081200
08081500
08082000
08082180
08082500
08082700
08083100
08083230
08083240
08083245
08083420
08084000
08084800
08085500
08086050
08086150
08086212
08086290
08086500
08087300
08088300
08088450
08090500
08091500
08091750
08092000
08093360
08093500
08093700
08094800
08095000
08095200
08095300
08095400
08095600
08098300
08099100
08099300
08099500
08100000
08100500
08101000
08102500
08103800
08103900
08104000
08104100
08104500
0810464660
08104700
08104900
08105000
08105095
08105100
08105700
08106350
08106500
08109700
08109800
08110000
08110100
08110325
08110430
08110500
08110800
08111000
08111700
08115000
08116400
08117500
08119500
08120500
08120700
08121000
08123650
08123800
08123850
08124000
08126380
08126500
08127000
08128000
08128400
08129300
08130500
08130700
08131400
08133250
08133500
08133900
08134000
08134230
08134250
08135000
08136000
08136500
08139500
08140500
08141500
08142000
08143500
08143600
08144500
08144600
08144800
08145000
08146000
08148500
08150000
08150700
08150800
08151500
08152000
08152900
08153500
08154700
08155200
08155240
08155300
08155400
08155541
08156675
08156800
08156910
08157000
08157500
08158030
08158035
08158045
08158200
08158380
08158600
08158700
08158810
08158819
08158827
08158840
08158860
08158920
08158927
08158930
08158970
08159000
08160800
08162600
08163500
08164000
08164300
08164390
08164450
08164500
08164503
08164504
08164600
08164800
08165300
08165500
08166000
08166140
08166200
08166250
08167000
08167500
08167800
08168500
08168797
08169000
08169792
08170500
08171000
08171290
08171300
08172000
08172400
08173000
08173900
08174600
08175000
08175800
08176500
08176900
08177000
08177300
08177500
08177700
08178000
08178565
08178700
08178800
08178880
08179000
08179100
08180500
08180700
08180720
08180800
08181400
08181480
08181500
08181800
08183200
08183500
08183890
08183900
08185000
08185065
08185100
08185500
08186000
08186500
08188500
08188570
08188800
08189200
08189300
08189500
08189700
08189800
08190000
08190500
08192000
08193000
08194000
08194200
08194500
08195000
08196000
08197500
08198000
08198500
08200000
08200700
08200720
08200977
08201500
08202700
08204005
08205500
08206600
08206700
08206910
08207000
08207500
08208000
08210000
08210400
08211000
08211500
08211520
08211800
08211900
08212400
08365600
08376300
08400000
08401200
08401900
08405105
08405150
08405500
08406000
08408500
08431700
08433000
08447020
08481500
